0.56, 3.82
-1.75, 4.33
6.73, 2.0
9.93, -4.29
3.06, -3.04
-7.02, -6.52
3.37, 0.62
4.73, 3.03
-0.26, -9.3
-1.35, 3.31
2.95, -5.19
3.62, -3.99
2.44, -2.43
3.97, -9.29
0.75, 6.34
7.21, 9.49
2.19, 8.62
-9.21, -0.58
7.88, 1.96
-1.48, 4.06
9.88, -6.35
2.92, 4.76
-7.71, 0.33
-2.66, 1.95
-9.82, -4.81
-7.32, -1.53
4.59, 6.95
-6.9, -5.0
-0.7, -3.95
3.59, -3.89
9.69, -4.11
-9.78, 6.62
-8.71, -2.76
0.49, -3.29
-1.34, -3.09
-8.13, -7.0
2.41, 3.28
4.88, -4.28
-5.13, 8.47
-9.73, -2.88
9.14, -1.56
2.79, -5.13
7.17, 7.46
1.54, -1.68
-7.37, 3.6
-4.29, 0.97
-7.64, -0.04
-1.7, -9.71
0.29, 8.69
9.76, 6.87
3.0, 5.39
-7.77, 8.93
6.95, 9.92
6.41, 8.53
-6.4, 6.0
7.03, 9.85
-8.23, -7.88
0.69, 3.78
7.31, -9.23
9.11, -4.97
8.63, -3.7
-1.81, -3.74
6.51, 0.89
4.26, -3.25
-4.65, 1.18
-9.26, -4.01
7.16, 3.4
1.56, -4.8
-1.34, -6.69
-6.33, -9.66
-5.34, -1.15
-8.0, 2.88
-5.19, 6.65
0.74, -3.17
9.01, -5.12
4.93, -9.75
-0.08, -6.42
4.42, -5.77
2.54, -2.3
-0.02, -6.67
-4.04, 0.05
4.68, 7.85
-5.68, -3.11
-0.81, 6.35
1.8, 7.29
3.95, 8.13
-9.34, 7.08
5.37, -1.26
2.32, -7.81
-7.7, -3.9
6.94, -5.74
-2.61, -8.84
0.62, 3.61
-4.75, -6.92
2.32, -4.31
-3.63, -1.81
-3.0, 1.37
-6.33, -0.32
-3.4, 0.78
0.85, 9.37
###
-4.56, -5.34
-0.59, -8.01
2.86, -1.55
8.46, 7.22
-9.26, -5.18
5.61, -1.02
0.89, -8.07
-4.39, -0.49
1.14, -7.36
-8.83, 5.94
-3.62, -1.26
6.27, -4.72
-0.41, 5.49
7.9, 8.89
7.82, -2.96
-0.7, 3.06
4.69, 9.62
7.48, 8.49
5.15, -2.31
-9.96, -2.08
-9.45, -0.9
3.38, 6.13
4.55, 5.59
1.38, -0.71
9.67, 9.41
-7.51, -4.01
4.63, -6.93
-5.22, 8.85
-8.98, -6.23
-0.55, -4.76
-5.37, -5.92
6.02, 0.66
-7.31, -0.21
-5.82, 6.58
-0.84, -2.13
0.6, 5.51
-8.3, 7.92
-8.37, 7.24
-8.3, -7.68
-1.21, -5.21
3.19, 5.07
3.97, 7.42
0.76, -2.44
-5.5, 4.25
-3.01, -5.32
1.84, 5.86
-3.25, -2.46
-1.62, -0.94
-0.34, -4.02
0.71, 7.54
4.69, 0.05
-1.43, -7.03
-2.65, -5.08
7.62, -1.84
-0.71, -2.7
1.82, -1.84
3.17, -6.58
2.84, -4.09
5.26, -5.16
-6.52, -8.33
-5.34, 5.76
4.43, 9.27
-2.74, -0.29
-4.97, -3.48
-8.41, -5.25
6.85, -3.88
9.71, -0.76
-8.25, -7.63
-2.84, 7.11
-7.6, 4.36
4.21, -0.89
-4.14, 0.2
-1.75, -4.43
-4.44, 5.13
9.01, 3.77
2.9, -4.48
8.36, -3.76
-1.74, -8.25
0.79, 6.85
-6.54, 6.69
-2.68, 6.65
-5.96, 0.41
-5.27, 6.66
-7.6, -1.86
-3.42, 4.71
0.66, 9.77
-4.97, 1.81
-9.6, 1.21
6.5, -5.44
-8.63, -9.03
6.73, 3.87
-8.87, 8.54
-2.44, 9.71
-8.96, 9.05
-9.98, -1.21
2.51, 9.43
4.05, 3.25
7.13, -1.65
0.25, -7.9
3.06, 0.94
