-6.3, -1.22
-8.64, -6.06
-8.57, 3.73
-7.32, -6.08
-6.08, 3.1
4.0, 6.98
9.32, -8.01
1.0, 7.32
-8.44, 3.8
2.18, -2.76
4.46, -0.26
-7.49, -2.16
2.41, 7.04
8.12, -4.49
4.96, -9.6
7.95, -7.64
5.44, 3.26
8.37, 0.45
-6.34, -0.5
3.4, 8.35
-5.72, 2.03
7.08, 1.26
-6.86, 3.82
-3.99, -9.79
-9.62, -4.66
2.28, 0.72
6.71, 0.62
-2.54, -7.33
-4.27, -7.53
6.83, 4.66
###
-8.58, 6.4
-7.51, 4.88
-0.04, -7.83
-1.09, 9.15
9.31, 2.65
-3.48, 9.85
5.13, -4.49
-1.72, -2.41
5.5, 9.97
-3.53, -9.83
6.5, 6.2
-4.72, -6.92
7.61, -1.25
-6.21, -2.98
8.98, -9.34
-2.2, -1.45
-7.31, -8.85
4.03, -2.59
1.58, 6.78
8.42, -4.19
0.78, -4.3
0.03, -3.26
5.55, -2.09
-6.4, -5.46
2.66, -4.56
7.18, 6.7
-7.91, 7.07
3.08, -4.47
-4.77, 3.72
-1.18, -5.5
